<?xml version="1.0" encoding="UTF-8"?>
<svg width="1440px" height="1440px" viewBox="0 0 1440 1440" version="1.1" xmlns="http://www.w3.org/2000/svg" xmlns:xlink="http://www.w3.org/1999/xlink">
    <!-- Generator: Sketch 51 (57462) - http://www.bohemiancoding.com/sketch -->
    <title>Down</title>
    <desc>Created with Sketch.</desc>
    <defs></defs>
    <g id="Down" stroke="none" stroke-width="1" fill="none" fill-rule="evenodd">
        <g id="thumb-down" transform="translate(220.000000, 110.000000)" fill="#FF0000" fill-rule="nonzero">
            <g id="g3858" transform="translate(0.972705, 0.000000)">
                <path d="M526.4746,1217.04593 C516.736024,1214.69126 501.701781,1208.20613 493.06517,1202.63453 C472.039675,1189.0706 445.002517,1160.04747 434.99536,1140.29928 C414.42481,1099.70524 406.930802,1034.39722 410.912811,930.426799 C414.13023,846.41964 413.615269,820.04821 408.451447,804.382134 L404.446993,792.233251 L261.708608,790.708049 C119.941903,789.193236 118.846168,789.133311 100.746898,781.908249 C64.812275,767.563485 38.540093,743.214359 22.5880381,709.47044 C4.23233272,670.641971 4.59835125,625.196613 23.5680126,587.796124 C28.3884708,578.292113 32.3497934,569.12496 32.3709568,567.424633 C32.3922173,565.724336 28.8939768,559.159717 24.5973115,552.836588 C-7.49377862,505.610325 -3.13599845,438.594502 35.1577254,390.434051 L47.9371419,374.361929 L41.5610768,357.320356 C32.4619975,333.000903 30.4270383,298.880679 36.633918,274.706543 C43.4117922,248.308519 54.3943554,229.184746 74.2992287,209.120498 C89.8556248,193.439545 90.7837235,191.706273 87.4921415,184.48204 C81.3087669,170.911015 78.0412822,137.384412 80.9193435,117.040706 C86.3106413,78.9320949 114.727584,36.0870865 147.254859,17.0248388 C172.792115,2.05900453 184.244594,1.2610923 375.615385,1.11461649 C488.781018,1.02799914 564.320467,2.22589338 583.665012,4.41383927 C659.926135,13.0392743 722.2575,41.015278 775.929505,90.7073302 C864.330217,172.552842 902.053867,296.908071 892.231859,474.095575 C883.60931,629.64438 858.313543,728.536685 780.084362,912.529064 C736.389324,1015.29835 726.493178,1041.68858 710.825461,1097.22286 C704.973374,1117.96565 696.702475,1141.81002 692.445689,1150.21037 C683.806861,1167.25829 656.287757,1197.5956 640.753466,1207.19628 C617.896435,1221.32273 563.539567,1226.0077 526.4746,1217.04593 Z M599.731425,1149.40228 C622.44765,1137.75272 630.045896,1124.48295 646.26997,1068.12625 C660.949861,1017.13353 672.895524,985.298446 710.476211,897.01737 C791.385588,706.952402 812.803067,626.330468 822.224495,476.362283 C830.931114,337.772377 807.334915,234.905507 750.772296,164.86878 C718.924241,125.434045 667.208571,94.0325404 607.069259,77.6130056 L577.590571,69.564586 L393.208365,68.55854 C265.946868,67.8641645 204.992883,68.5846601 196.452552,70.8843587 C189.15657,72.8489667 178.627163,79.4545819 170.793503,86.9815623 C144.909031,111.852656 142.047179,151.954207 164.079878,181.056043 C179.58568,201.536864 188.534669,204.520818 234.468109,204.526298 C265.358285,204.529942 275.515845,205.567888 280.785726,209.259071 C288.778993,214.85776 289.508928,224.65177 282.50941,232.386156 C277.975173,237.396429 271.802417,237.942105 219.487078,237.957385 C187.589425,237.9667 156.707692,239.305355 150.861042,240.932176 C136.413116,244.952281 118.667695,260.177906 110.642061,275.440183 C94.8334262,305.503303 106.542578,351.000173 134.270321,367.249699 C146.387003,374.350569 148.926272,374.615385 204.895631,374.615385 C242.795713,374.615385 265.663525,375.850653 270.761166,378.173307 C280.838119,382.764673 283.870662,394.254206 277.007272,401.838147 C272.263953,407.079449 265.720868,407.638449 198.438864,408.550435 C130.019788,409.477851 124.221138,409.990503 112.895782,416.113601 C80.3435502,433.713081 66.7347568,464.592141 76.5672338,498.54499 C82.5813654,519.312564 100.535681,538.362803 119.429494,544.023515 C127.561324,546.459882 154.711023,547.736973 198.373837,547.736973 C253.691135,547.736973 266.063193,548.535002 271.674064,552.465014 C279.667331,558.063706 280.397266,567.857741 273.397747,575.592115 C268.809752,580.661813 262.364982,581.146402 199.530471,581.146402 L130.689735,581.146402 L114.403829,589.498759 C101.280814,596.228998 96.3118117,601.095354 88.8181648,614.555831 C66.8240845,654.062755 84.0769051,701.636476 125.797802,716.525206 C134.686529,719.697279 168.830942,720.621263 281.002523,720.725257 C441.520526,720.874081 437.350421,720.361064 454.547561,742.074186 C477.227613,770.710107 483.843074,800.084709 481.918114,863.60794 C477.878762,996.906339 480.868056,1061.11024 492.830909,1097.99185 C506.857433,1141.23592 563.003376,1168.23752 599.731425,1149.40228 Z" id="path3870"></path>
                <path d="M525.957816,1216.32116 C489.992262,1205.96751 454.400195,1175.73283 436.549506,1140.37083 C413.896091,1095.49471 405.763628,1019.51383 411.500604,906.341395 C415.144905,834.451228 413.587631,804.427966 405.723051,794.951715 C402.815428,791.448251 379.527204,790.706865 271.218693,790.66975 C129.029806,790.620851 119.009088,789.694893 84.5774513,773.420188 C48.3782253,756.310005 18.7291032,714.16644 11.1094572,668.992062 C8.08150293,651.040295 8.31945703,644.23124 12.6696016,624.348925 C15.4927743,611.445596 21.7664729,593.481406 26.6111499,584.428484 L35.4196583,567.96866 L26.4089135,553.926616 C15.6348768,537.136738 9.51401118,520.586982 5.12341687,496.374288 C2.51534926,481.991681 2.83952703,473.740584 6.75800357,454.770042 C12.344868,427.722284 18.9081535,413.299859 36.1161963,390.257163 L48.2508109,374.008123 L42.0678493,355.173527 C24.2177045,300.798238 35.2699051,250.852593 74.1791643,210.060299 L90.9453158,192.482742 L85.7853145,174.092628 C82.9473111,163.978066 80.6253102,146.992654 80.6253102,136.347271 C80.6253102,73.7441329 125.226075,16.6303008 183.660658,4.40460096 C208.634024,-0.820332733 550.875267,0.00747356169 588.220844,5.38314309 C638.512847,12.6223717 676.584228,25.2303077 717.869475,48.3183211 C842.606222,118.075086 903.722242,266.501083 892.088046,471.424491 C883.338421,625.539424 856.907826,728.755791 779.661338,910.471802 C738.339706,1007.6776 721.503753,1052.83169 707.845097,1103.08324 C690.244524,1167.83745 659.008378,1205.10512 611.801796,1217.67181 C590.124999,1223.44232 548.414967,1222.78606 525.957816,1216.32116 Z M631.688333,1117.05637 C634.253388,1111.95724 641.315625,1090.1697 647.382231,1068.63963 C661.501147,1018.53238 672.325316,989.789554 714.408471,890.656093 C792.446246,706.825902 812.935581,629.275327 822.262521,482.436725 C829.762392,364.362456 815.736111,271.806255 780.60804,207.568238 C741.470655,135.998474 671.310428,87.2512706 586.037416,72.3809006 C565.016568,68.7151725 525.892334,67.8560794 379.971093,67.8560794 C270.659116,67.8560794 196.798521,69.0170146 192.084542,70.8092664 C187.812448,72.4335175 178.257048,79.3483855 170.850359,86.1756388 C140.902609,113.780517 140.206162,155.802927 169.174147,187.315263 L183.603893,203.012407 L228.736205,204.738921 C253.558955,205.688502 276.182484,207.51331 279.010714,208.794048 C289.472087,213.531372 287.690028,230.803029 276.292826,235.136247 C272.236223,236.678557 243.126921,237.940447 211.605459,237.940447 C180.083997,237.940447 150.859311,239.246203 146.66172,240.842125 C134.542598,245.449805 113.967371,265.69089 107.931936,278.942928 C95.3705223,306.524082 105.184673,346.713925 128.904954,364.829338 C139.726366,373.093767 139.753755,373.097321 204.061974,374.615385 C274.162854,376.270184 278.424318,377.340136 278.424318,393.285789 C278.424318,399.9534 276.52648,402.822267 270.633542,405.062764 C266.348631,406.691899 233.879283,408.024814 198.479502,408.024814 C163.079691,408.024814 129.460587,409.360037 123.770363,410.991966 C73.0718543,425.532114 55.3942267,491.17654 92.4527888,527.287213 C112.063401,546.396222 118.544949,547.736973 191.312754,547.736973 C270.707985,547.736973 280.60483,550.340964 275.888481,569.989839 C273.600118,579.523493 261.765161,581.144428 193.943716,581.213099 C119.788858,581.288119 110.103425,583.42453 95.1731485,602.999145 C65.3610522,642.084806 76.1990346,694.078929 118.418658,714.517117 C131.130092,720.670618 135.743282,720.859077 274.068093,720.875508 C362.500787,720.88462 420.894121,722.080101 427.881916,724.020824 C449.633732,730.061978 464.902449,751.646717 475.97564,792.008921 C483.4274,819.170727 484.041709,837.936256 480.65624,934.98263 C477.942028,1012.78611 480.692079,1059.10249 489.994722,1092.25649 C495.956696,1113.50488 517.138456,1138.78364 537.374183,1148.80015 C552.839286,1156.45526 586.952257,1157.59494 599.76125,1150.88445 C610.201788,1145.41475 625.664613,1129.03128 631.688333,1117.05637 Z" id="path3868"></path>
                <path d="M527.44244,1216.47721 C502.121464,1208.12713 484.942609,1196.78858 463.346086,1174.17164 C439.435231,1149.13106 426.428241,1122.22939 419.654388,1083.80645 C413.168494,1047.01687 410.665065,952.255427 414.576671,891.600304 C417.815169,841.382895 415.869677,813.159429 408.043275,796.819211 L404.392019,789.19603 L260.162511,787.677419 L115.933002,786.158809 L95.1221505,777.359525 C22.0689497,746.471049 -9.03393205,658.806134 27.0782046,585.574518 L36.2305265,567.014578 L28.1044968,554.735307 C-5.26822771,504.305717 -1.08319859,439.056494 38.746548,388.814028 L50.364264,374.159103 L43.8728453,358.441819 C38.590608,345.652295 37.3426656,336.218383 37.1733436,307.796526 C36.9695764,273.590686 37.1946041,272.397486 48.0625791,250.08933 C54.9789111,235.89237 65.5393158,220.805473 76.0923644,210.04518 L93.0248311,192.780186 L88.2028907,179.672971 C85.0443207,171.087204 83.320382,155.983387 83.2053655,135.888542 C83.0376016,106.578307 83.5399336,104.124199 94.4785027,80.8144975 C109.102414,49.6514636 131.724085,26.6177748 161.491315,12.5811566 L182.751861,2.55583127 L366.503722,1.57692381 C493.168557,0.902137956 558.747865,1.68832057 577.590571,4.10749029 C738.966831,24.8262039 848.357321,128.912577 879.757112,291.622575 C890.308417,346.298251 893.229221,402.825639 889.257174,475.481276 C880.687686,632.231637 857.057197,725.367254 779.661338,907.434582 C738.344504,1004.62905 721.509098,1049.78038 707.842971,1100.04602 C697.019835,1139.85478 683.561545,1165.20579 662.122653,1186.16811 C635.672226,1212.0306 615.883396,1220.07331 576.07196,1221.14147 C551.629257,1221.79727 540.271813,1220.70794 527.44244,1216.47721 Z M600.651338,1151.15327 C618.935954,1141.50259 632.469233,1122.70806 639.995922,1096.51276 C655.860177,1041.30003 674.325022,988.529198 694.390847,941.057072 C706.394278,912.659057 725.128949,868.239702 736.02343,842.347395 C776.609508,745.888844 805.697671,645.247738 817.224015,561.404467 C824.096881,511.410931 828.839532,425.675076 826.632596,391.320099 C821.922474,317.998278 804.822374,248.29552 781.167344,205.996397 C745.731633,142.631427 691.032349,100.003671 618.002859,78.8405622 C571.315703,65.3111465 555.051719,64.4266713 371.059553,65.4111531 L197.937965,66.337469 L183.614098,74.7575442 C156.520417,90.684135 142.029168,121.518466 148.173375,150.167877 C152.724256,171.387965 167.702948,192.438338 184.154723,200.734491 C196.026855,206.721251 202.356939,207.568238 235.227839,207.568238 C255.8646,207.568238 275.392867,208.983076 278.623985,210.712321 C285.256546,214.261957 286.470432,226.448663 280.670859,231.261871 C278.374143,233.167986 251.950139,234.835365 214.611305,235.43029 C152.637573,236.417727 152.319333,236.457296 137.824795,244.977271 C109.873261,261.407354 94.9763093,293.716903 102.154948,322.340531 C106.917492,341.33039 118.747765,359.539866 132.266119,368.688461 C142.878649,375.870516 145.556172,376.187723 207.926291,377.652605 C275.431562,379.238095 278.248007,379.85125 278.377818,392.990571 C278.486247,403.970154 272.527128,404.987593 208.110286,404.987593 C137.587628,404.987593 120.220255,407.516505 102.477871,420.369021 C65.3711844,447.248972 60.3922136,496.911876 91.6684356,528.188083 C111.863512,548.383172 123.191909,550.774194 198.678683,550.774194 C237.648261,550.774194 265.987992,552.032119 269.512322,553.918264 C276.079158,557.432723 277.322171,568.884777 271.742432,574.464516 C269.132457,577.074491 249.454728,578.109181 202.427403,578.109181 C129.561668,578.109181 115.375174,580.652884 99.4555509,596.572507 C58.9493393,637.078707 76.4116644,705.301187 131.177591,720.505362 C139.208234,722.734834 191.200893,723.871393 286.01737,723.890193 C448.607303,723.922388 440.099896,722.60639 457.809384,750.465025 C479.865196,785.160809 482.834899,812.645045 477.746765,934.98263 C473.880443,1027.94279 480.77126,1084.95577 499.582013,1115.64239 C508.766752,1130.62573 532.018165,1149.76696 546.82975,1154.53804 C564.277521,1160.15827 586.202367,1158.77946 600.651338,1151.15327 Z" id="path3866"></path>
                <path d="M536.588089,1219.3274 C500.133937,1207.46571 456.74338,1172.08039 439.89865,1140.47641 C417.212098,1097.91209 408.775154,1020.0209 414.537825,906.341395 C418.133834,835.403427 416.824427,808.32557 409.100076,793.892484 C405.827228,787.777131 403.643679,787.67669 273.002332,787.632529 C131.449878,787.584541 119.181769,786.548454 88.2989853,772.031844 C66.0600443,761.578307 40.2035302,735.604936 28.2502408,711.711727 C13.0698648,681.367947 9.17020385,654.248147 15.6880008,624.348925 C18.5008227,611.445596 24.8794845,593.558369 29.8628016,584.59954 L38.9233811,568.310773 L28.3688109,551.190111 C9.31450829,520.282015 3.01614446,487.589643 9.79404598,454.775722 C15.3845733,427.710257 20.6832724,416.156487 38.1915202,392.855202 C45.0341996,383.74846 50.6327543,375.192517 50.6327543,373.842017 C50.6327543,372.491486 48.0029493,363.570835 44.7887436,354.01832 C35.7132027,327.046098 34.1370369,303.456605 39.7920111,279.235291 C46.0682852,252.352852 56.5408535,233.313025 76.8834025,211.800675 C85.8321454,202.337333 93.1390519,193.071732 93.1209713,191.21045 C93.1028877,189.349168 91.0002956,180.992556 88.4485411,172.640199 C82.87901,154.410103 82.2810876,122.12232 87.1763617,103.942658 C96.9818196,67.5279654 125.343998,33.0358823 161.085846,14.05916 L182.751861,2.55583127 L381.689826,2.55583127 L580.627792,2.55583127 L617.966808,12.5052474 C686.386676,30.7365087 732.256031,54.973856 774.774784,95.3625363 C861.048955,177.31456 898.71183,301.256345 889.050826,471.424491 C880.3012,625.539424 853.870605,728.755791 776.624117,910.471802 C735.296289,1007.69218 718.459637,1052.84979 704.81061,1103.08324 C700.429176,1119.20854 693.412983,1139.19531 689.219128,1147.49822 C678.540016,1168.64046 649.12924,1198.17075 626.791605,1210.17941 C609.292414,1219.58693 605.710741,1220.35459 576.07196,1221.04993 C558.53201,1221.46141 540.764268,1220.68628 536.588089,1219.3274 Z M607.102,1149.34239 C626.457358,1137.06758 635.626971,1119.74652 651.160867,1066.1168 C666.194564,1014.21391 678.200789,982.590946 721.127988,881.831266 C794.776463,708.96207 816.105467,627.1866 825.299742,482.436725 C832.634843,366.956334 819.758424,278.193266 785.95771,211.234443 C747.510472,135.070925 668.390292,80.651739 577.590571,67.9186796 C561.194438,65.6194092 494.439209,64.8082738 372.316234,65.4244075 L191.339664,66.337469 L178.268103,75.3976294 C162.505474,86.323026 152.475841,100.869033 147.347433,120.241967 C140.161882,147.386096 153.179869,182.788553 176.45063,199.388249 C184.763898,205.318344 190.734346,206.216341 230.83623,207.568238 C270.449669,208.903671 276.388772,209.778582 280.073377,214.821547 C285.338278,222.027396 281.112957,231.146882 271.502917,233.319215 C267.792556,234.157928 237.893334,235.19913 205.060187,235.632994 L145.363551,236.421836 L132.166893,245.916231 C94.7095805,272.865039 88.3557176,324.308256 118.275614,358.385114 C134.314224,376.652084 138.577239,377.652605 200.371144,377.652605 C262.4301,377.652605 275.387097,380.046148 275.387097,391.510351 C275.387097,395.50952 272.780372,400.094509 269.512322,401.843523 C265.992851,403.727086 237.681913,404.994396 198.896937,405.004541 C163.289593,405.013652 129.065535,406.435315 122.843457,408.163342 C95.9791419,415.624214 73.2592326,442.670726 69.8786661,471.214285 C66.1480933,502.71315 88.31781,538.649426 116.732545,547.162695 C124.391963,549.457528 152.116386,550.774194 192.777484,550.774194 C227.972435,550.774194 260.087765,552.03625 264.144885,553.578763 C274.402612,557.478737 276.44575,564.901644 269.243771,572.103624 C263.625429,577.721966 258.881168,578.113494 195.66005,578.175879 C136.296417,578.234497 126.566343,578.93084 115.614018,583.904684 C99.7203966,591.122549 91.1971136,600.099662 82.1869003,619.111663 C69.3931967,646.106998 74.7000568,679.93526 95.009254,700.84695 C116.83828,723.3236 108.015928,722.207148 277.146802,723.895782 L429.248908,725.414392 L440.329692,733.869681 C454.9694,745.040609 464.951743,762.74378 472.810066,791.471971 C480.414234,819.270955 481.051382,838.212644 477.586278,933.46402 C474.686005,1013.18949 477.890699,1062.53427 488.119481,1095.65119 C492.842603,1110.94293 497.669688,1118.99114 509.247058,1130.87718 C529.191728,1151.35361 544.559822,1158.06723 571.680807,1158.15166 C590.207095,1158.20937 594.999769,1157.01738 607.102,1149.34239 Z" id="path3864"></path>
                <path d="M537.302353,1219.85062 C533.519008,1219.12345 531.207865,1217.25944 532.166473,1215.70843 C533.12505,1214.15738 531.996874,1212.88834 529.659399,1212.88834 C527.321923,1212.88834 517.238077,1208.80507 507.250844,1203.8144 C485.078221,1192.73462 448.047027,1155.70139 439.246528,1135.80635 C419.251926,1090.60527 411.997251,1014.23065 417.359221,905.384944 C420.939224,832.712996 419.66268,811.386542 410.694708,794.044406 L405.831601,784.640199 L271.39139,784.640199 C126.06539,784.640199 118.523989,783.954151 84.918188,767.676713 C63.5131038,757.308856 34.6433872,725.590824 26.0992901,703.054646 C14.7915712,673.229076 12.543721,649.56949 18.4819129,622.878454 C21.332123,610.067305 26.9985596,593.314207 31.0739936,585.649386 C40.2927121,568.31135 40.2856081,565.515436 30.9871291,551.464523 C0.510695424,505.411508 3.60942303,440.700056 38.4274212,396.087443 C46.810825,385.345704 53.6699752,375.650743 53.6699752,374.543068 C53.6699752,373.435394 50.9223048,364.542867 47.5640406,354.781907 C38.4610037,328.323462 36.7725489,300.968914 42.788357,277.411242 C50.1264193,248.675662 57.3459357,235.676845 77.87644,214.234777 C87.9494862,203.714485 96.1762727,194.152199 96.1581921,192.98525 C96.1401085,191.818301 94.0007691,184.029777 91.4041002,175.677419 C81.2484689,143.011143 87.2982879,95.4692673 105.321803,66.3066078 C116.238152,48.6435831 148.937327,20.5623683 165.541237,14.5916839 C173.999441,11.550155 180.334081,8.11393842 179.618208,6.95564687 C176.609932,2.08812987 210.05347,1.10371508 378.652605,1.09704729 C552.647668,1.09016616 589.714974,2.2369321 586.446378,7.52564667 C585.55468,8.9684268 587.980964,10.1523306 591.838113,10.1565439 C603.287828,10.1690572 652.496151,24.2738996 680.536108,35.5805236 C727.877027,54.6699244 777.010907,93.5941783 811.335451,139.20081 C868.643131,215.344863 894.149894,329.152775 886.088897,472.741065 C877.422583,627.111368 850.437149,731.702593 771.136436,918.277916 C725.77855,1024.99404 720.318113,1039.52982 703.517817,1098.27999 C696.718056,1122.05852 687.900518,1147.07364 683.923278,1153.86921 C673.046109,1172.454 636.213762,1205.84062 621.83568,1210.1484 C615.150241,1212.15142 610.296732,1214.78766 611.050175,1216.00671 C614.199986,1221.10326 558.833697,1223.98908 537.302353,1219.85062 Z M602.7486,1153.99082 C610.627819,1149.99518 619.310444,1144.18649 622.043335,1141.08264 C631.340116,1130.52383 643.406296,1102.76585 652.077956,1071.98872 C664.664321,1027.31758 679.385001,986.457419 703.772579,928.499834 C715.62749,900.326422 734.233778,856.090819 745.119876,830.198511 C797.244721,706.221161 820.051728,610.066728 828.326485,479.399504 C835.7052,362.881507 822.930589,280.18472 786.723393,210.080892 C757.748093,153.979392 722.820995,120.461817 664.151365,92.4554209 C602.961023,63.2457391 607.863827,63.7890099 393.83871,62.502513 C268.160668,61.7470681 203.483688,62.4309864 196.150136,64.5929865 C178.37963,69.8318827 160.828108,84.6309326 151.790189,101.996355 C133.08691,137.932679 147.2558,187.197021 181.288194,204.559054 C191.301486,209.667444 199.194221,210.605459 232.164498,210.605459 C275.046564,210.605459 286.274713,213.976871 279.61916,224.854371 C276.600679,229.78761 269.791291,230.502153 212.800302,231.866005 C167.079073,232.960161 147.220143,234.552275 141.74938,237.562255 C123.112993,247.815855 113.318529,257.935231 104.989039,275.542061 C92.8610459,301.178139 93.2603949,316.308429 106.778202,343.328912 C115.774854,361.312175 119.600872,365.708097 132.246295,372.590591 C146.824636,380.525118 148.261546,380.690677 202.904824,380.731284 C262.645014,380.775628 270.937568,381.74028 273.710794,388.967134 C278.066928,400.319081 271.232118,401.525495 196.970185,402.512774 C128.200669,403.427039 124.444954,403.783882 111.377171,410.64548 C92.6297676,420.489325 84.7832108,428.226402 75.532474,445.990074 C55.3369174,484.770464 73.3889645,531.675298 115.239629,549.161612 C124.104761,552.865715 140.168965,553.811414 194.222685,553.811414 C248.560874,553.811414 263.251608,554.683492 267.972846,558.189356 C272.690561,561.692608 273.196562,563.664797 270.505402,568.060323 C267.460862,573.033104 260.413325,573.697162 196.093491,575.07196 C125.97332,576.570707 124.839479,576.698787 109.346409,584.86885 C95.5747936,592.131149 92.3131708,595.815602 82.770727,614.889834 C67.5419924,645.330259 68.5409252,665.320882 86.7234574,693.991761 C93.4312841,704.568913 100.130434,710.204081 114.5815,717.425377 L133.607942,726.933002 L277.488368,726.933002 C437.497909,726.933002 434.422723,726.57379 450.73594,747.170886 C472.968821,775.242187 480.5069,819.395542 475.528865,892.39232 C471.417439,952.681306 473.749782,1043.202 480.248311,1075.56037 C485.096991,1099.70354 496.331944,1123.05995 508.878947,1135.08075 C513.285954,1139.30292 524.398538,1146.89475 533.573617,1151.95148 C555.583446,1164.08193 581.351349,1164.84157 602.7486,1153.99082 Z" id="path3862"></path>
                <path d="M528.955371,1210.4623 C520.581207,1207.56658 507.597087,1201.59859 500.101773,1197.20012 C482.642704,1186.95457 451.29084,1154.31821 442.66495,1137.41003 C423.696383,1100.22858 416.181994,1031.77561 419.943501,930.426799 C423.920621,823.267452 423.145795,809.670573 412.019605,791.375023 L406.076887,781.602978 L269.995422,781.602978 C121.9629,781.602978 113.887729,780.849109 83.2388509,764.167903 C64.2060639,753.808945 39.6113299,727.002494 30.0751033,706.223287 C13.3407576,669.759568 14.3976132,622.980474 32.7437088,588.103976 C37.5712681,578.926649 41.5210918,569.411127 41.5210918,566.95842 C41.5210918,564.505712 37.6210117,556.785674 32.8542455,549.80283 C19.4275759,530.134 12.9125155,507.092944 12.9471034,479.399504 C12.9878629,446.770519 20.0278918,424.815482 38.1105236,400.925037 C46.1895189,390.25118 53.7704009,379.947287 54.9569277,378.027429 C56.1434514,376.107602 54.2302908,366.82877 50.7054593,357.407797 C41.5354457,332.898761 39.529173,298.917919 45.8082323,274.461979 C52.1923065,249.59703 60.9324866,234.853938 82.2757724,212.947885 C100.045221,194.709906 101.106159,192.454408 96.2146753,183.314584 C94.557188,180.217542 91.8781435,168.348338 90.2612395,156.938575 C86.5627307,130.839827 90.2038178,103.699337 100.388008,81.4541363 C114.969068,49.6049061 152.784423,17.7426298 185.125237,10.0566557 L194.900744,7.73345149 L185.789082,7.06320884 L176.677419,6.39296618 L185.789082,4.07444169 C197.993364,0.968981386 558.685298,0.825705534 576.07196,3.91941161 L589.739454,6.35134593 L577.590571,7.0428877 C567.363884,7.62501269 569.045836,8.3429874 588.220844,11.5806782 C663.491316,24.2900615 720.379981,50.9754246 769.855063,96.7817719 C856.731212,177.21576 892.898438,297.69767 883.120196,474.095575 C874.497648,629.64438 849.201881,728.536685 770.9727,912.529064 C727.271283,1015.31336 717.382214,1041.68609 701.702925,1097.26149 C688.577636,1143.78415 683.100403,1154.72428 661.702089,1177.15817 C642.696862,1197.08316 630.023116,1205.77231 611.534004,1211.55351 C601.345465,1214.73928 540.361624,1214.40649 528.955371,1210.4623 Z M601.250035,1157.87561 C628.501773,1144.19943 637.953877,1128.52333 655.365505,1068.12625 C670.078866,1017.08876 682.037255,985.227861 719.587874,897.01737 C800.49725,706.952402 821.914729,626.330468 831.336158,476.362283 C840.066619,337.392907 815.946408,233.271673 758.184694,160.58464 C725.715072,119.725054 669.773868,85.60821 607.286542,68.5564595 L577.590571,60.4529235 L393.208365,59.4468775 C267.955837,58.7634633 204.929708,59.4900364 196.67603,61.7125227 C165.566142,70.0895423 140.080485,104.569568 140.54312,137.655755 C140.806356,156.480656 148.533498,176.541296 161.372712,191.731917 C176.422019,209.53739 184.301056,211.951218 232.866005,213.634686 C274.372027,215.073463 276.905707,215.510765 276.905707,221.235732 C276.905707,227.069125 274.3747,227.370435 213.124069,228.828784 C160.623703,230.078792 147.660905,231.267994 139.835566,235.552243 C110.590179,251.563597 94.9474557,276.681037 94.843033,307.796526 C94.7867533,324.562228 96.3416463,330.439281 105.156855,346.780197 C113.462445,362.176447 118.611494,367.785465 130.921071,374.846001 L146.305211,383.670039 L205.531017,383.745058 C238.105211,383.786364 266.664411,385.02795 268.995934,386.504252 C271.327426,387.980553 272.437348,391.267191 271.46237,393.807887 C269.960039,397.722895 258.661061,398.582003 197.367211,399.441658 C125.827275,400.445004 124.880336,400.543289 109.858561,408.526867 C89.7938113,419.19061 82.5854839,426.380774 72.9277777,445.364589 C53.3105991,483.925388 70.8279738,532.053189 111.156283,550.394845 C119.851099,554.349306 136.492813,555.631803 194.900744,556.848635 C265.263037,558.31452 267.794045,558.57815 267.794045,564.441687 C267.794045,570.300729 265.263037,570.569979 196.419355,572.034739 L125.044665,573.55335 L108.546023,582.665012 C94.8031421,590.254754 90.2424604,595.074155 81.2414104,611.51861 C72.2325335,627.977371 70.4303925,634.326894 70.4050651,649.698633 C70.3468415,685.037153 94.9198838,717.351452 129.06197,726.834262 C135.927282,728.74106 194.999545,729.942858 282.371672,729.953276 C439.506514,729.971499 434.295767,729.357039 449.8245,749.716229 C471.230225,777.780605 477.467401,817.388394 472.542153,893.980149 C466.437825,988.908 472.352023,1073.45363 487.490928,1107.67761 C507.163433,1152.15054 563.298898,1176.9212 601.250035,1157.87561 Z" id="path3860"></path>
            </g>
        </g>
    </g>
</svg>